92 55 10 ;
0 80 11 ;
78 95 7 ;
7 80 84 ;
41 57 84 ;
22 89 35 ;
29 8 56 ;
87 51 98 ;
17 56 60 ;
29 99 81 ;
52 33 80 ;
83 52 67 ;
71 84 48 ;
32 60 30 ;
27 97 39 ;
32 43 22 ;
41 46 40 ;
39 14 3 ;
31 24 36 ;
24 15 77 ;
36 33 50 ;
82 66 45 ;
32 4 85 ;
79 5 4 ;
57 90 100 ;
54 71 56 ;
78 51 11 ;
45 61 82 ;
54 9 37 ;
87 49 64 ;
12 72 96 ;
53 91 53 ;
53 70 76 ;
19 38 27 ;
18 51 50 ;
36 9 29 ;
48 0 76 ;
92 61 83 ;
76 75 93 ;
63 34 13 ;
32 24 11 ;
39 31 4 ;
16 7 79 ;
3 65 17 ;
95 0 42 ;
67 54 81 ;
20 70 97 ;
32 49 2 ;
55 96 23 ;
17 58 13 ;
34 48 69 ;
33 11 97 ;
54 40 14 ;
4 85 59 ;
18 82 26 ;
30 16 85 ;
20 43 87 ;
12 53 68 ;
15 8 24 ;
24 31 56 ;
29 7 89 ;
38 31 76 ;
78 29 74 ;
49 27 32 ;
95 86 82 ;
92 75 12 ;
19 61 26 ;
75 26 14 ;
94 53 49 ;
25 77 92 ;
36 51 72 ;
55 40 90 ;
10 55 78 ;
14 64 63 ;
86 40 85 ;
80 73 88 ;
86 97 79 ;
57 8 88 ;
24 42 78 ;
17 40 85 ;
93 25 69 ;
59 50 2 ;
38 42 15 ;
99 51 18 ;
1 31 80 ;
81 16 12 ;
7 79 61 ;
62 14 4 ;
18 26 70 ;
27 65 2 ;
94 97 18 ;
91 75 74 ;
9 71 75 ;
86 32 27 ;
48 38 73 ;
55 81 38 ;
61 48 94 ;
15 52 37 ;
86 4 83 ;
81 90 98 ;
