34 2 13 ;
54 19 96 ;
42 75 57 ;
79 26 33 ;
58 9 6 ;
52 63 9 ;
75 80 80 ;
13 17 58 ;
42 13 54 ;
9 54 3 ;
52 54 5 ;
85 24 71 ;
57 90 40 ;
17 68 80 ;
97 78 61 ;
55 70 86 ;
11 47 11 ;
16 68 73 ;
45 17 39 ;
65 60 48 ;
33 88 3 ;
32 90 22 ;
0 52 71 ;
30 52 96 ;
20 33 49 ;
44 67 72 ;
93 30 66 ;
62 35 100 ;
74 91 79 ;
76 73 70 ;
93 16 32 ;
4 15 14 ;
55 57 57 ;
89 3 15 ;
97 72 25 ;
43 36 11 ;
71 83 95 ;
90 43 51 ;
98 28 98 ;
10 54 38 ;
45 72 75 ;
93 54 24 ;
59 93 68 ;
81 82 19 ;
87 24 50 ;
99 83 6 ;
5 41 96 ;
36 89 97 ;
69 95 16 ;
3 21 8 ;
25 54 92 ;
0 41 47 ;
41 12 56 ;
25 76 1 ;
2 55 54 ;
59 42 49 ;
34 53 96 ;
41 31 49 ;
79 54 77 ;
31 81 97 ;
45 68 86 ;
37 25 39 ;
66 4 18 ;
34 50 99 ;
17 41 97 ;
2 92 90 ;
52 38 2 ;
57 52 55 ;
11 49 54 ;
82 44 80 ;
66 51 28 ;
80 77 68 ;
23 29 56 ;
64 92 83 ;
15 49 99 ;
73 29 86 ;
75 21 76 ;
35 31 45 ;
13 94 26 ;
13 4 58 ;
38 14 58 ;
60 34 67 ;
12 43 68 ;
97 15 46 ;
14 25 92 ;
34 46 10 ;
46 28 40 ;
77 68 37 ;
4 23 47 ;
93 87 78 ;
61 65 24 ;
33 71 9 ;
62 7 81 ;
92 94 99 ;
25 38 50 ;
6 22 34 ;
41 48 13 ;
42 88 41 ;
74 46 74 ;
25 32 19 ;
