43 59 34 ;
35 11 1 ;
70 84 81 ;
26 41 17 ;
79 10 22 ;
42 35 32 ;
90 71 76 ;
39 76 81 ;
79 13 14 ;
18 28 71 ;
55 86 90 ;
14 64 30 ;
6 23 24 ;
79 38 55 ;
11 80 32 ;
17 82 67 ;
77 88 68 ;
9 5 89 ;
96 88 56 ;
81 34 56 ;
11 59 48 ;
8 88 62 ;
40 95 71 ;
48 60 31 ;
6 81 33 ;
44 59 51 ;
38 3 88 ;
34 58 10 ;
17 32 37 ;
94 21 60 ;
90 5 2 ;
67 15 73 ;
82 93 4 ;
52 19 36 ;
15 49 38 ;
18 5 50 ;
78 13 42 ;
10 34 40 ;
19 71 46 ;
64 93 29 ;
12 19 53 ;
24 66 63 ;
54 44 84 ;
63 0 97 ;
68 71 14 ;
61 30 44 ;
58 45 55 ;
44 71 50 ;
72 7 90 ;
52 7 12 ;
18 91 51 ;
94 27 24 ;
78 55 67 ;
57 18 5 ;
68 86 7 ;
1 17 24 ;
40 46 52 ;
36 59 49 ;
54 72 68 ;
58 52 68 ;
75 29 67 ;
94 90 75 ;
41 63 60 ;
91 60 97 ;
38 63 42 ;
42 10 23 ;
7 79 53 ;
45 29 71 ;
32 42 100 ;
82 94 54 ;
53 4 38 ;
20 88 48 ;
89 51 33 ;
39 1 28 ;
62 8 51 ;
95 90 59 ;
41 72 57 ;
19 38 47 ;
80 48 76 ;
53 83 43 ;
62 81 25 ;
99 3 35 ;
35 33 7 ;
70 43 52 ;
80 87 17 ;
79 30 30 ;
37 63 63 ;
72 98 44 ;
50 0 86 ;
54 53 28 ;
4 4 59 ;
93 62 89 ;
8 25 66 ;
30 47 43 ;
17 88 39 ;
70 92 24 ;
3 2 66 ;
59 10 50 ;
4 2 66 ;
62 90 1 ;
