53 52 15 ;
26 97 66 ;
78 33 27 ;
98 10 59 ;
65 64 73 ;
71 54 49 ;
59 19 29 ;
65 73 46 ;
52 42 66 ;
73 71 24 ;
73 57 43 ;
12 61 1 ;
44 84 37 ;
31 94 58 ;
51 51 44 ;
2 90 11 ;
90 8 36 ;
50 44 2 ;
11 5 74 ;
75 95 34 ;
32 84 10 ;
62 61 50 ;
43 17 60 ;
73 45 30 ;
96 79 22 ;
68 4 72 ;
79 11 64 ;
30 75 96 ;
94 50 31 ;
64 41 14 ;
82 29 80 ;
19 2 73 ;
25 76 37 ;
35 35 50 ;
32 53 65 ;
38 94 54 ;
37 78 61 ;
31 17 4 ;
37 84 23 ;
92 83 59 ;
41 22 73 ;
27 10 53 ;
99 43 75 ;
57 74 9 ;
45 87 93 ;
60 25 21 ;
15 48 29 ;
76 97 30 ;
95 23 60 ;
55 3 90 ;
82 80 77 ;
22 28 82 ;
24 70 38 ;
16 7 36 ;
27 44 41 ;
82 27 14 ;
69 29 55 ;
70 31 6 ;
9 94 14 ;
98 27 82 ;
53 43 59 ;
19 62 30 ;
30 74 96 ;
11 31 29 ;
62 92 83 ;
66 19 68 ;
87 18 76 ;
98 12 100 ;
65 32 69 ;
64 40 27 ;
23 81 45 ;
17 15 28 ;
61 64 60 ;
36 65 7 ;
63 23 11 ;
63 19 45 ;
79 10 84 ;
33 44 90 ;
34 8 91 ;
7 7 5 ;
29 41 26 ;
11 15 100 ;
5 90 45 ;
21 63 92 ;
58 94 81 ;
12 76 69 ;
72 9 36 ;
95 97 26 ;
58 58 11 ;
59 98 47 ;
63 3 28 ;
66 85 39 ;
33 30 76 ;
70 85 50 ;
95 41 58 ;
79 55 90 ;
17 36 62 ;
46 43 86 ;
13 41 61 ;
90 43 13 ;
