97 96 41 ;
41 54 50 ;
91 95 82 ;
84 45 83 ;
57 87 42 ;
91 24 70 ;
47 41 19 ;
52 63 95 ;
53 75 98 ;
29 57 36 ;
49 59 72 ;
41 85 27 ;
86 2 28 ;
65 77 5 ;
5 20 44 ;
13 40 29 ;
63 72 91 ;
5 46 75 ;
16 80 67 ;
53 54 75 ;
55 94 9 ;
7 76 11 ;
99 77 100 ;
80 99 37 ;
94 27 99 ;
35 58 96 ;
89 22 25 ;
61 49 27 ;
98 64 95 ;
30 9 76 ;
91 82 36 ;
54 48 79 ;
11 14 58 ;
97 77 53 ;
95 77 11 ;
30 0 37 ;
82 84 53 ;
40 13 50 ;
31 81 29 ;
7 37 99 ;
38 91 21 ;
77 9 7 ;
53 69 28 ;
98 84 69 ;
31 10 65 ;
0 3 67 ;
9 74 24 ;
39 96 63 ;
90 64 29 ;
79 42 27 ;
85 60 100 ;
77 86 19 ;
95 70 19 ;
30 42 20 ;
31 91 96 ;
29 34 51 ;
5 71 83 ;
11 51 44 ;
28 76 33 ;
15 59 32 ;
69 33 5 ;
65 66 10 ;
48 93 31 ;
38 58 76 ;
97 47 40 ;
73 47 7 ;
75 77 16 ;
30 91 96 ;
63 90 38 ;
44 18 65 ;
8 98 65 ;
88 59 38 ;
66 93 76 ;
89 31 7 ;
82 33 20 ;
36 13 36 ;
85 54 48 ;
99 42 54 ;
20 19 42 ;
13 0 44 ;
82 21 65 ;
85 13 91 ;
73 21 27 ;
94 11 88 ;
57 69 10 ;
34 91 7 ;
31 78 29 ;
76 2 57 ;
36 48 39 ;
86 73 42 ;
91 14 36 ;
43 65 41 ;
65 14 43 ;
48 31 7 ;
17 88 92 ;
6 7 31 ;
8 92 18 ;
9 42 94 ;
3 62 37 ;
88 48 74 ;
