20 4 61 ;
38 6 52 ;
54 66 5 ;
55 93 50 ;
68 25 32 ;
93 3 51 ;
42 56 21 ;
22 46 38 ;
16 94 56 ;
0 69 27 ;
52 49 81 ;
51 98 52 ;
46 39 76 ;
22 81 30 ;
58 0 38 ;
65 61 98 ;
70 80 3 ;
57 99 32 ;
56 84 38 ;
67 94 89 ;
83 3 52 ;
84 82 63 ;
46 36 9 ;
64 3 34 ;
50 54 66 ;
63 35 100 ;
37 86 30 ;
74 77 92 ;
34 48 16 ;
62 65 68 ;
17 17 69 ;
87 58 76 ;
23 77 81 ;
48 48 68 ;
55 63 98 ;
74 76 17 ;
30 22 71 ;
75 47 95 ;
75 26 14 ;
12 65 14 ;
25 5 87 ;
24 11 35 ;
80 80 56 ;
57 92 83 ;
23 67 16 ;
4 40 29 ;
10 86 63 ;
68 60 83 ;
31 62 83 ;
92 51 43 ;
28 52 2 ;
62 80 48 ;
63 39 93 ;
67 30 36 ;
23 62 78 ;
65 49 61 ;
96 32 91 ;
47 5 73 ;
91 74 77 ;
60 82 50 ;
22 81 36 ;
6 78 69 ;
21 28 19 ;
88 9 10 ;
94 5 41 ;
34 2 15 ;
41 28 8 ;
14 10 10 ;
74 66 19 ;
63 6 33 ;
54 51 25 ;
54 47 93 ;
1 22 81 ;
14 16 41 ;
72 97 12 ;
42 75 71 ;
63 13 26 ;
9 90 77 ;
50 10 59 ;
83 18 67 ;
72 51 95 ;
42 8 63 ;
54 27 17 ;
82 27 70 ;
92 78 37 ;
83 87 95 ;
84 47 96 ;
74 50 24 ;
93 24 39 ;
20 13 35 ;
21 9 71 ;
68 37 15 ;
60 46 28 ;
39 89 75 ;
17 38 42 ;
38 26 4 ;
32 97 42 ;
84 76 22 ;
27 32 28 ;
75 69 61 ;
