69 0 90 ;
3 28 9 ;
62 77 31 ;
36 32 64 ;
30 19 41 ;
73 57 54 ;
81 93 1 ;
17 21 8 ;
54 84 2 ;
58 40 37 ;
49 96 18 ;
73 86 42 ;
11 47 100 ;
75 56 5 ;
74 17 45 ;
80 69 53 ;
34 38 75 ;
40 61 46 ;
91 67 65 ;
10 75 63 ;
55 24 7 ;
58 60 93 ;
38 45 76 ;
95 1 7 ;
1 63 80 ;
73 94 52 ;
30 87 53 ;
85 80 64 ;
71 25 16 ;
55 93 72 ;
86 84 63 ;
20 34 56 ;
41 54 53 ;
15 67 59 ;
58 65 10 ;
92 33 49 ;
0 62 5 ;
57 74 38 ;
32 30 61 ;
58 6 51 ;
45 10 45 ;
39 29 76 ;
89 96 51 ;
97 4 3 ;
50 43 91 ;
10 17 66 ;
19 11 5 ;
56 85 35 ;
14 51 16 ;
57 49 97 ;
91 9 20 ;
48 64 21 ;
39 71 40 ;
67 97 90 ;
73 58 44 ;
41 48 22 ;
29 29 26 ;
76 99 92 ;
99 10 80 ;
26 8 38 ;
23 59 58 ;
97 19 17 ;
58 94 86 ;
99 29 98 ;
51 28 81 ;
31 67 4 ;
53 10 81 ;
44 7 100 ;
36 77 68 ;
6 42 71 ;
90 98 12 ;
89 99 35 ;
75 26 73 ;
89 79 29 ;
96 29 46 ;
74 58 53 ;
8 38 48 ;
47 60 18 ;
94 51 14 ;
47 75 62 ;
50 95 39 ;
2 55 30 ;
57 36 25 ;
11 35 36 ;
66 22 53 ;
85 20 24 ;
54 10 94 ;
64 66 37 ;
61 50 70 ;
46 25 9 ;
11 55 30 ;
66 50 100 ;
14 39 37 ;
95 27 59 ;
48 88 23 ;
23 15 65 ;
90 43 70 ;
40 18 9 ;
62 34 92 ;
94 69 11 ;
