78 57 11 ;
31 67 67 ;
90 86 55 ;
83 47 1 ;
51 20 10 ;
63 29 77 ;
96 84 97 ;
43 80 31 ;
91 37 9 ;
20 14 5 ;
5 28 3 ;
49 26 48 ;
60 80 84 ;
90 26 80 ;
88 72 16 ;
42 81 87 ;
0 79 32 ;
80 98 15 ;
42 91 35 ;
26 49 71 ;
86 48 99 ;
34 58 86 ;
78 35 76 ;
13 56 89 ;
34 58 17 ;
73 39 84 ;
75 60 75 ;
57 3 74 ;
67 66 21 ;
26 41 15 ;
83 73 33 ;
36 34 15 ;
68 90 47 ;
78 83 80 ;
23 42 23 ;
67 2 35 ;
7 39 52 ;
24 18 80 ;
53 73 9 ;
65 92 89 ;
12 57 23 ;
70 41 15 ;
84 47 67 ;
79 75 81 ;
78 43 55 ;
72 11 4 ;
72 15 11 ;
64 20 88 ;
17 63 90 ;
6 35 48 ;
37 46 79 ;
42 50 98 ;
76 67 51 ;
99 86 94 ;
39 89 50 ;
36 23 44 ;
35 22 35 ;
18 27 92 ;
27 75 71 ;
53 79 9 ;
6 20 39 ;
54 84 53 ;
33 53 28 ;
3 86 43 ;
72 50 79 ;
71 85 37 ;
61 51 32 ;
79 84 16 ;
57 70 14 ;
6 39 45 ;
77 4 69 ;
82 10 15 ;
41 48 50 ;
64 88 74 ;
43 88 45 ;
49 19 73 ;
74 42 29 ;
84 67 20 ;
61 58 64 ;
34 54 94 ;
27 15 6 ;
41 24 98 ;
80 26 11 ;
84 63 42 ;
32 31 25 ;
30 57 97 ;
45 98 70 ;
59 43 44 ;
54 74 9 ;
7 91 59 ;
54 41 65 ;
26 41 27 ;
7 57 22 ;
33 80 3 ;
40 38 12 ;
87 85 55 ;
52 50 23 ;
57 40 71 ;
92 90 37 ;
84 27 40 ;
