0 : 0;
1 : 63(0)98, 79(0)62;
2 : 45(79)68, 47(79)36;
3 : 30(47)1;
4 : 42(30)98;
5 : 20(42)30, 52(42)68;
6 : 32(52)12, 61(52)47;
7 : 1(32)1, 43(32)90, 81(32)1, 86(32)41, 99(61)45;
8 : 4(86)96, 9(81)30, 37(1)86, 58(43)83, 83(99)67, 97(99)7;
9 : 12(4)41, 14(9)93, 46(58)80, 57(58)12, 76(4)15, 96(9)21;
10 : 6(12)6, 10(57)86, 18(46)76, 39(57)19, 53(12)64, 60(76)16, 87(12)44;
11 : 5(60)38, 40(10)70, 55(18)23, 80(53)54, 89(18)94, 95(10)12;
12 : 3(5)55, 13(80)94, 44(55)14, 56(40)52, 74(80)71, 77(89)17, 90(40)80;
13 : 7(44)12, 16(77)77, 19(74)66, 28(44)88, 48(90)96, 72(74)5, 73(56)68, 85(77)25, 93(74)83;
14 : 15(93)94, 21(85)57, 22(72)35, 23(48)35, 31(85)28, 35(85)23, 49(93)58, 51(19)65, 67(73)80, 75(16)65, 91(7)55, 98(16)17;
15 : 17(22)69, 24(51)98, 25(91)23, 26(91)74, 34(49)72, 36(22)34, 68(21)30, 78(67)4, 82(15)53;
16 : 27(17)88, 29(17)39, 62(17)70, 84(25)58, 88(25)47;
17 : 8(29)62, 71(88)69;
weight: 4336
0 : 11;
1 : 94(11)33;
2 : 41(94)24, 69(94)96;
3 : 38(41)7;
weight: 160
