0 : 0;
1 : 48(0)76, 80(0)11, 95(0)42;
2 : 34(48)69, 38(48)73, 73(80)88, 78(95)7;
3 : 19(38)27, 29(78)74, 42(38)15, 51(78)11, 63(34)13;
4 : 8(29)56, 18(51)50, 36(51)72, 61(19)26, 99(51)18;
5 : 9(36)29, 15(8)24, 26(18)70, 33(36)50, 45(61)82, 57(8)88, 82(18)26;
6 : 11(33)97, 41(57)84, 52(15)37, 54(9)37, 66(82)45, 75(26)14;
7 : 40(54)14, 46(41)40, 67(54)81, 71(54)56, 76(75)93, 83(52)67, 91(75)74, 92(75)12;
8 : 17(40)85, 53(91)53, 55(92)10, 84(71)48;
9 : 10(55)78, 12(53)68, 56(17)60, 58(17)13, 70(53)76, 81(55)38, 94(53)49, 96(55)23;
10 : 16(81)12, 72(12)96, 90(81)98, 97(94)18;
11 : 7(16)79, 27(97)39, 30(16)85;
12 : 49(27)32, 65(27)2, 79(7)61;
13 : 3(65)17, 5(79)4, 32(49)2, 87(49)64;
14 : 24(32)11, 43(32)22, 60(32)30, 86(32)27;
15 : 4(86)83, 20(43)87, 31(24)36;
16 : 1(31)80, 39(31)4, 85(4)59;
17 : 14(39)3;
18 : 62(14)4, 64(14)63;
weight: 3567
0 : 22;
1 : 89(22)35;
weight: 35
0 : 25;
1 : 77(25)92, 93(25)69;
weight: 161
0 : 50;
1 : 59(50)2;
weight: 2
