0 : 0;
1 : 41(0)47;
2 : 5(41)96, 12(41)56, 31(41)49, 48(41)13;
3 : 35(31)45, 43(12)68, 81(31)97;
4 : 36(43)11, 62(35)100, 82(81)19, 90(43)51;
5 : 7(62)81, 32(90)22, 44(82)80, 57(90)40;
6 : 25(32)19, 55(57)57, 67(44)72;
7 : 2(55)54, 37(25)39, 38(25)50, 70(55)86, 76(25)1;
8 : 14(38)58, 34(2)13, 52(38)2, 73(76)70, 92(2)90;
9 : 46(34)10, 50(34)99, 53(34)96, 54(52)5, 60(34)67, 63(52)9, 64(92)83;
10 : 9(54)3, 10(54)38, 19(54)96, 28(46)40, 65(60)48, 74(46)74, 79(54)77, 93(54)24;
11 : 16(93)32, 26(79)33, 30(93)66, 58(9)6, 59(93)68, 61(65)24, 87(93)78, 91(74)79, 98(28)98;
12 : 24(87)50, 42(59)49, 68(16)73;
13 : 13(42)54, 75(42)57, 77(68)37, 85(24)71, 88(42)41;
14 : 4(13)58, 17(13)58, 21(75)76, 33(88)3, 80(77)68, 94(13)26;
15 : 3(21)8, 15(4)14, 20(33)49, 23(4)47, 45(17)39, 66(4)18, 71(33)9;
16 : 29(23)56, 49(15)99, 51(66)28, 83(71)95, 89(3)15, 97(15)46;
17 : 11(49)54, 72(97)25, 78(97)61, 99(83)6;
18 : 47(11)11;
weight: 4140
0 : 6;
1 : 22(6)34;
weight: 34
0 : 69;
1 : 95(69)16;
weight: 16
