0 : 0;
1 : 3(0)67, 13(0)44, 30(0)37;
2 : 9(30)76, 36(13)36, 40(13)29, 42(30)20, 62(3)37;
3 : 48(36)39, 74(9)24, 77(9)7, 79(42)27, 99(42)54;
4 : 31(48)7, 65(77)5, 75(77)16, 80(99)37, 86(77)19, 88(48)74, 93(48)31, 95(77)11;
5 : 2(86)28, 10(31)65, 14(65)43, 16(80)67, 17(88)92, 43(65)41, 59(88)38, 66(65)10, 70(95)19, 73(86)42, 78(31)29, 81(31)29, 89(31)7;
6 : 11(14)58, 15(59)32, 21(73)27, 22(89)25, 47(73)7, 49(59)72, 76(2)57, 91(14)36;
7 : 7(76)11, 24(91)70, 28(76)33, 34(91)7, 38(91)21, 41(47)19, 51(11)44, 61(49)27, 82(91)36, 94(11)88, 97(47)40;
8 : 6(7)31, 27(94)99, 33(82)20, 37(7)99, 55(94)9, 58(38)76, 84(82)53, 85(41)27, 96(97)41;
9 : 35(58)96, 39(96)63, 45(84)83, 54(85)48, 60(85)100, 69(33)5, 98(84)69;
10 : 8(98)65, 53(69)28, 57(69)10, 64(98)95;
11 : 29(57)36, 87(57)42, 90(64)29, 92(8)18;
12 : 63(90)38;
13 : 52(63)95, 72(63)91;
weight: 3383
0 : 5;
1 : 20(5)44, 46(5)75, 71(5)83;
2 : 19(20)42;
weight: 244
0 : 18;
1 : 44(18)65;
weight: 65
